# parent // child // E_th [Mev] // σ0 [mb] // M [MeV] // Γ [MeV] // σ1 [mb] // ξ // ∆ // |dσ/σ|
6 12 3  6  24.462   20.4   40.5    8.2   12.5   0.56   0.2    20
6 12 3  7  28.176    0.0    0.0    0.0    8.2   0.0    0.7    17 
6 12 4  7  24.462   66.5   31.8   43.9   10.0   2.5   -0.05    7
6 12 4  9  31.850    0.0    0.0    0.0    4.2   0.38   0.7    16
6 12 4 10  36.840    0.0    0.0    0.0    3.7   4.2    0.1    17
6 12 5 10  21.346   35.8   48.2   45.3   17.6   0.69  -0.1    29 
6 12 5 11  20.000    0.0    0.0    0.0   30.0   0.0   -0.11   10
6 12 6 11  17.881   44.7   19.0  100.0   30.3   0.0   -0.15    8
7 14 4  7  11.318  275.0   17.7    7.9   11.1   5.3    0.10   10
7 14 4 10  42.440    0.0    0.0    0.0    1.29  1.9    1.1    25
7 14 6 11  13.000  1000.   17.5    3.7   11.5   0.0    0.1    30  
8 16 3  6  23.582    0.0    0.0    0.0   10.8   0.0    0.5    60
8 16 3  7  29.821    0.0    0.0    0.0   12.0   0.5   -0.1    82
8 16 4  7  26.859    9.6   21.7  100.0   11.5   6.6   -0.24   16
8 16 4  9  33.716    0.0    0.0    0.0    5.3   4.0   -0.4    72
8 16 4 10  40.109    0.0    0.0    0.0    1.36  1.94   2.0    10
8 16 5 10  26.859  141.6   56.4   19.5   13.0   4.0   -0.3    74
8 16 5 11  26.033    0.0    0.0    0.0   15.8   0.0    0.0    40
8 16 6 11  23.582   37.3   52.5   44.7   11.0   2.0    0.0    27
