# Z_proj A_proj Z_frag A_frag T [GeV/n] sigma [mbarn] sigma_err [mbarn] reference
  5  10   4   7      0.740      6.280      0.440 radin1979
  5  11   4   7      0.740      4.170      0.292 radin1979
  7  14   4   7      0.740     10.900      0.654 radin1979
  6  12   4   7      0.740      9.820      0.589 radin1979
  7  14   4   7      0.516     10.100      1.010 webber1990
  7  14   4   9      0.516      2.000      0.600 webber1990
  7  14   4  10      0.516      1.600      0.480 webber1990
  7  14   5  10      0.516      9.900      0.495 webber1990
  7  14   5  11      0.516     17.500      0.875 webber1990
  7  14   6  10      0.516      0.900      0.270 webber1990
  7  14   6  11      0.516     11.700      0.585 webber1990
  7  14   6  12      0.516     52.100      2.605 webber1990
  7  14   6  13      0.516      9.600      0.480 webber1990
  7  14   7  12      0.516      1.100      0.330 webber1990
  7  14   7  13      0.516      7.500      0.750 webber1990
  8  16   5  10      0.516      9.600      0.480 webber1990
  8  16   5  11      0.516     15.600      0.780 webber1990
  8  16   5  12      0.516      1.100      0.330 webber1990
  8  16   6  10      0.516      1.600      0.480 webber1990
  8  16   6  11      0.516     11.900      1.190 webber1990
  8  16   6  12      0.516     33.600      1.680 webber1990
  8  16   6  13      0.516     18.000      0.900 webber1990
  8  16   6  14      0.516      1.700      0.170 webber1990
  8  16   7  12      0.516      0.300      0.090 webber1990
  8  16   7  13      0.516      5.700      1.140 webber1990
  8  16   7  14      0.516     31.000      1.550 webber1990
  8  16   7  15      0.516     34.900      1.745 webber1990
  8  16   8  14      0.516      1.200      0.360 webber1990
  8  16   8  15      0.516     30.300      1.515 webber1990
 10  20   6  10      0.534      0.300      0.090 webber1990
 10  20   6  11      0.534      6.300      0.630 webber1990
 10  20   6  12      0.534     34.600      1.730 webber1990
 10  20   6  13      0.534     15.700      0.785 webber1990
 10  20   6  14      0.534      2.300      0.230 webber1990
 10  20   7  12      0.534      0.400      0.120 webber1990
 10  20   7  13      0.534      4.100      0.820 webber1990
 10  20   7  14      0.534     28.200      1.410 webber1990
 10  20   7  15      0.534     27.800      1.390 webber1990
 10  20   7  16      0.534      1.200      0.360 webber1990
 10  20   8  14      0.534      1.000      0.300 webber1990
 10  20   8  15      0.534     16.200      1.620 webber1990
 10  20   8  16      0.534     42.000      2.100 webber1990
 10  20   8  17      0.534     12.200      0.610 webber1990
 10  20   8  18      0.534      3.200      0.320 webber1990
 10  20   9  16      0.534      0.300      0.090 webber1990
 10  20   9  17      0.534      3.300      0.330 webber1990
 10  20   9  18      0.534     19.000      0.950 webber1990
 10  20   9  19      0.534     25.700      1.285 webber1990
 10  20  10  18      0.534      1.300      0.390 webber1990
 10  20  10  19      0.534     28.000      1.400 webber1990
 12  24   7  12      0.610      1.700      0.510 webber1990
 12  24   7  13      0.610      6.000      1.200 webber1990
 12  24   7  14      0.610     12.600      1.260 webber1990
 12  24   7  15      0.610     14.000      1.400 webber1990
 12  24   7  16      0.610      1.700      0.510 webber1990
 12  24   8  14      0.610      1.500      0.450 webber1990
 12  24   8  15      0.610      8.600      0.860 webber1990
 12  24   8  16      0.610     32.800      1.640 webber1990
 12  24   8  17      0.610     12.600      1.260 webber1990
 12  24   8  18      0.610      3.300      0.660 webber1990
 12  24   9  17      0.610      2.600      0.520 webber1990
 12  24   9  18      0.610     12.100      1.210 webber1990
 12  24   9  19      0.610     10.400      1.040 webber1990
 12  24   9  20      0.610      3.100      0.620 webber1990
 12  24   9  21      0.610      0.400      0.120 webber1990
 12  24  10  18      0.610      0.900      0.270 webber1990
 12  24  10  19      0.610      4.100      0.820 webber1990
 12  24  10  20      0.610     23.400      1.170 webber1990
 12  24  10  21      0.610     23.300      1.165 webber1990
 12  24  10  22      0.610     11.700      1.170 webber1990
 12  24  11  21      0.610      3.600      0.720 webber1990
 12  24  11  22      0.610     36.600      1.830 webber1990
 12  24  11  23      0.610     44.000      2.200 webber1990
 12  24  12  22      0.610      3.100      0.620 webber1990
 12  24  12  23      0.610     31.200      1.560 webber1990
 13  27  10  19      0.582      1.500      0.450 webber1990
 13  27  10  20      0.582     10.900      1.090 webber1990
 13  27  10  21      0.582     16.200      0.810 webber1990
 13  27  10  22      0.582     14.900      0.745 webber1990
 13  27  10  23      0.582      5.600      1.120 webber1990
 13  27  10  24      0.582      0.500      0.150 webber1990
 13  27  11  21      0.582      1.400      0.420 webber1990
 13  27  11  23      0.582     25.400      1.270 webber1990
 13  27  11  24      0.582     11.400      1.140 webber1990
 13  27  11  25      0.582      2.600      0.520 webber1990
 13  27  12  23      0.582      2.700      0.540 webber1990
 13  27  12  24      0.582     27.200      1.360 webber1990
 13  27  12  25      0.582     42.600      2.130 webber1990
 13  27  12  26      0.582     40.100      2.005 webber1990
 13  27  13  25      0.582      1.800      0.540 webber1990
 13  27  13  26      0.582     36.300      1.815 webber1990
 14  28  10  19      0.770      3.000      0.600 webber1990
 14  28  10  20      0.770     13.300      0.665 webber1990
 14  28  10  21      0.770     12.300      4.920 webber1990
 14  28  10  22      0.770      7.800      0.780 webber1990
 14  28  11  22      0.770     11.400      1.140 webber1990
 14  28  11  23      0.770     18.900      0.945 webber1990
 14  28  12  23      0.770      4.600      0.920 webber1990
 14  28  12  24      0.770     33.000      1.650 webber1990
 14  28  12  25      0.770     27.200      1.360 webber1990
 14  28  12  26      0.770     15.900      0.795 webber1990
 14  28  13  25      0.770      1.800      0.540 webber1990
 14  28  14  26      0.770      1.400      0.420 webber1990
 14  28  14  27      0.770     31.200      1.560 webber1990
 16  32  10  18      0.649      0.800      0.240 webber1990
 16  32  10  19      0.649      2.400      0.480 webber1990
 16  32  10  20      0.649     12.000      1.200 webber1990
 16  32  10  21      0.649     10.500      1.050 webber1990
 16  32  10  22      0.649      5.300      1.060 webber1990
 16  32  11  21      0.649      1.500      0.450 webber1990
 16  32  11  22      0.649     11.400      1.140 webber1990
 16  32  11  23      0.649     17.300      0.865 webber1990
 16  32  12  22      0.649      0.500      0.150 webber1990
 16  32  12  23      0.649      5.100      1.020 webber1990
 16  32  12  24      0.649     27.300      1.365 webber1990
 16  32  12  25      0.649     23.500      1.175 webber1990
 16  32  12  26      0.649     11.800      1.180 webber1990
 16  32  12  27      0.649      1.000      0.300 webber1990
 16  32  13  24      0.649      0.500      0.150 webber1990
 16  32  13  26      0.649     14.600      1.460 webber1990
 16  32  13  27      0.649     25.200      1.260 webber1990
 16  32  13  28      0.649      8.400      0.840 webber1990
 16  32  13  29      0.649      1.000      0.300 webber1990
 16  32  14  26      0.649      0.900      0.270 webber1990
 16  32  14  28      0.649     44.200      2.210 webber1990
 16  32  14  29      0.649     35.100      1.755 webber1990
 16  32  14  30      0.649     15.600      0.780 webber1990
 16  32  15  28      0.649      0.500      0.150 webber1990
 16  32  15  29      0.649      4.600      0.920 webber1990
 16  32  15  30      0.649     32.900      1.645 webber1990
 16  32  15  31      0.649     41.600      2.080 webber1990
 16  32  16  30      0.649      1.800      0.540 webber1990
 16  32  16  31      0.649     33.100      1.655 webber1990
 18  40  12  23      0.656      0.400      0.120 webber1990
 18  40  12  24      0.656      6.700      1.340 webber1990
 18  40  12  25      0.656     14.200      1.420 webber1990
 18  40  12  26      0.656     15.100      1.510 webber1990
 18  40  12  27      0.656      2.300      0.690 webber1990
 18  40  13  26      0.656      2.200      0.660 webber1990
 18  40  13  27      0.656     21.400      1.070 webber1990
 18  40  13  28      0.656     13.800      1.380 webber1990
 18  40  13  29      0.656      8.100      0.810 webber1990
 18  40  13  30      0.656      0.600      0.180 webber1990
 18  40  14  28      0.656      5.100      1.020 webber1990
 18  40  14  29      0.656     20.900      1.045 webber1990
 18  40  14  30      0.656     31.800      1.590 webber1990
 18  40  14  31      0.656     14.100      0.705 webber1990
 18  40  14  32      0.656      3.400      0.680 webber1990
 18  40  15  30      0.656      0.800      0.240 webber1990
 18  40  15  31      0.656     17.600      0.880 webber1990
 18  40  15  32      0.656     28.100      1.405 webber1990
 18  40  15  33      0.656     18.900      0.945 webber1990
 18  40  15  34      0.656      4.900      0.980 webber1990
 18  40  15  35      0.656      0.700      0.210 webber1990
 18  40  16  32      0.656      0.600      0.180 webber1990
 18  40  16  33      0.656     11.200      1.120 webber1990
 18  40  16  34      0.656     40.900      2.045 webber1990
 18  40  16  35      0.656     26.000      1.300 webber1990
 18  40  16  36      0.656     15.200      0.760 webber1990
 18  40  16  37      0.656      3.900      0.780 webber1990
 18  40  16  38      0.656      0.400      0.120 webber1990
 18  40  17  35      0.656      8.800      0.880 webber1990
 18  40  17  36      0.656     26.300      1.315 webber1990
 18  40  17  37      0.656     43.200      2.160 webber1990
 18  40  17  38      0.656     25.100      1.255 webber1990
 18  40  17  39      0.656     28.800      1.440 webber1990
 18  40  18  37      0.656      5.900      1.180 webber1990
 18  40  18  38      0.656     29.100      1.455 webber1990
 18  40  18  39      0.656     60.100      3.005 webber1990
 20  40  14  27      0.672      2.700      0.540 webber1990
 20  40  14  28      0.672     18.500      0.925 webber1990
 20  40  14  29      0.672     27.000      1.350 webber1990
 20  40  14  30      0.672     15.200      0.760 webber1990
 20  40  14  31      0.672      4.500      0.900 webber1990
 20  40  14  32      0.672      0.600      0.180 webber1990
 20  40  15  29      0.672      1.000      0.300 webber1990
 20  40  15  30      0.672      7.200      1.440 webber1990
 20  40  15  31      0.672     20.400      1.020 webber1990
 20  40  15  32      0.672     11.500      1.150 webber1990
 20  40  15  33      0.672      3.100      0.620 webber1990
 20  40  15  34      0.672      0.300      0.090 webber1990
 20  40  16  31      0.672      2.400      0.720 webber1990
 20  40  16  32      0.672     17.400      0.870 webber1990
 20  40  16  33      0.672     31.900      1.595 webber1990
 20  40  16  34      0.672     21.200      1.060 webber1990
 20  40  16  35      0.672      3.400      0.680 webber1990
 20  40  16  36      0.672      1.000      0.300 webber1990
 20  40  17  33      0.672      1.700      0.510 webber1990
 20  40  17  34      0.672     12.200      1.220 webber1990
 20  40  17  35      0.672     26.300      1.315 webber1990
 20  40  17  36      0.672     12.400      1.240 webber1990
 20  40  17  37      0.672      3.200      0.640 webber1990
 20  40  18  35      0.672      4.000      0.800 webber1990
 20  40  18  36      0.672     25.900      1.295 webber1990
 20  40  18  37      0.672     42.100      2.105 webber1990
 20  40  18  38      0.672     22.100      1.105 webber1990
 20  40  19  36      0.672      0.900      0.270 webber1990
 20  40  19  37      0.672      2.200      0.660 webber1990
 20  40  19  38      0.672     24.900      1.245 webber1990
 20  40  19  39      0.672     38.700      1.935 webber1990
 20  40  20  38      0.672      2.000      0.600 webber1990
 20  40  20  39      0.672     29.800      1.490 webber1990
 26  56  16  31      0.743      0.600      0.180 webber1990
 26  56  16  32      0.743      2.100      0.420 webber1990
 26  56  16  33      0.743      5.000      0.500 webber1990
 26  56  16  34      0.743      6.100      0.610 webber1990
 26  56  16  35      0.743      3.200      0.320 webber1990
 26  56  16  36      0.743      0.900      0.180 webber1990
 26  56  16  37      0.743      0.200      0.060 webber1990
 26  56  17  34      0.743      0.900      0.180 webber1990
 26  56  17  35      0.743      4.300      0.430 webber1990
 26  56  17  36      0.743      6.300      0.630 webber1990
 26  56  17  37      0.743      4.400      0.440 webber1990
 26  56  17  38      0.743      1.100      0.220 webber1990
 26  56  17  39      0.743      0.200      0.060 webber1990
 26  56  18  36      0.743      1.100      0.220 webber1990
 26  56  18  37      0.743      3.000      0.600 webber1990
 26  56  18  38      0.743      9.700      0.970 webber1990
 26  56  18  39      0.743      7.500      0.750 webber1990
 26  56  18  40      0.743      3.100      0.620 webber1990
 26  56  18  41      0.743      0.500      0.150 webber1990
 26  56  19  38      0.743      0.500      0.150 webber1990
 26  56  19  39      0.743      2.700      0.540 webber1990
 26  56  19  40      0.743      6.600      0.660 webber1990
 26  56  19  41      0.743     10.200      0.510 webber1990
 26  56  19  42      0.743      5.600      0.560 webber1990
 26  56  19  43      0.743      1.900      0.380 webber1990
 26  56  19  44      0.743      0.400      0.120 webber1990
 26  56  20  40      0.743      0.500      0.150 webber1990
 26  56  20  41      0.743      6.700      0.670 webber1990
 26  56  20  42      0.743     18.500      0.925 webber1990
 26  56  20  43      0.743     19.500      0.975 webber1990
 26  56  20  44      0.743      8.000      0.800 webber1990
 26  56  20  45      0.743      1.500      0.300 webber1990
 26  56  21  43      0.743      4.300      0.430 webber1990
 26  56  21  44      0.743     17.200      0.860 webber1990
 26  56  21  45      0.743     24.200      1.210 webber1990
 26  56  21  46      0.743     11.400      0.570 webber1990
 26  56  21  47      0.743      2.000      0.400 webber1990
 26  56  21  48      0.743      0.200      0.060 webber1990
 26  56  22  44      0.743      0.700      0.210 webber1990
 26  56  22  45      0.743      3.100      0.620 webber1990
 26  56  22  46      0.743     19.600      0.980 webber1990
 26  56  22  47      0.743     32.100      1.605 webber1990
 26  56  22  48      0.743     22.300      1.115 webber1990
 26  56  22  49      0.743      7.000      0.700 webber1990
 26  56  22  50      0.743      1.200      0.360 webber1990
 26  56  23  47      0.743      2.800      0.560 webber1990
 26  56  23  48      0.743     19.500      0.975 webber1990
 26  56  23  49      0.743     33.700      1.685 webber1990
 26  56  23  50      0.743     25.100      1.255 webber1990
 26  56  23  51      0.743      6.600      0.660 webber1990
 26  56  23  52      0.743      0.700      0.210 webber1990
 26  56  24  49      0.743      3.600      0.360 webber1990
 26  56  24  50      0.743     23.700      1.185 webber1990
 26  56  24  51      0.743     38.500      1.925 webber1990
 26  56  24  52      0.743     40.500      2.025 webber1990
 26  56  24  53      0.743     11.400      0.570 webber1990
 26  56  24  54      0.743      3.000      0.300 webber1990
 26  56  25  51      0.743      2.600      0.520 webber1990
 26  56  25  52      0.743     13.800      1.380 webber1990
 26  56  25  53      0.743     40.000      2.000 webber1990
 26  56  25  54      0.743     42.300      2.115 webber1990
 26  56  25  55      0.743     35.300      1.765 webber1990
 26  56  26  53      0.743      2.300      0.460 webber1990
 26  56  26  54      0.743     12.200      0.610 webber1990
 26  56  26  55      0.743     59.300      2.965 webber1990
 28  58  26  53      0.571      2.400      0.720 webber1990
 28  58  26  54      0.571     20.300      2.030 webber1990
 28  58  26  55      0.571     61.700      3.085 webber1990
 28  58  26  56      0.571     26.100      1.305 webber1990
 28  58  27  55      0.571      4.700      0.940 webber1990
 28  58  27  56      0.571     49.500      2.475 webber1990
 28  58  27  57      0.571     64.200      3.210 webber1990
 28  58  28  56      0.571      9.800      1.960 webber1990
 28  58  28  57      0.571     54.900      5.490 webber1990
 13  27  11  22      0.582      9.000      0.720 webber1990
 14  28  10  23      0.770      1.500      0.300 webber1990
 14  28  11  21      0.770      1.300      0.260 webber1990
 14  28  11  24      0.770      5.400      0.648 webber1990
 14  28  11  25      0.770      1.800      0.360 webber1990
 14  28  13  26      0.770     30.500      1.525 webber1990
 14  28  13  27      0.770     46.600      2.330 webber1990
 16  32  11  24      0.649      3.500      0.420 webber1990
 16  32  13  25      0.649      2.500      0.300 webber1990
 16  32  14  27      0.649      8.900      0.712 webber1990
 26  56  26  55      0.575     57.300      2.865 webber1998a
 26  56  26  54      0.575     13.400      0.670 webber1998a
 26  56  26  53      0.575      3.300      0.660 webber1998a
 26  56  25  55      0.575     36.300      1.815 webber1998a
 26  56  25  54      0.575     44.900      2.245 webber1998a
 26  56  25  53      0.575     42.800      2.140 webber1998a
 26  56  25  52      0.575     16.500      1.650 webber1998a
 26  56  25  51      0.575      3.800      0.380 webber1998a
 26  56  24  54      0.575      2.500      0.250 webber1998a
 26  56  24  53      0.575     11.800      0.590 webber1998a
 26  56  24  52      0.575     38.200      7.640 webber1998a
 26  56  24  51      0.575     40.300      2.015 webber1998a
 26  56  24  50      0.575     23.900      1.195 webber1998a
 26  56  24  49      0.575      3.700      0.370 webber1998a
 26  56  23  51      0.575      6.100      0.610 webber1998a
 26  56  23  50      0.575     23.700      1.185 webber1998a
 26  56  23  49      0.575     34.500      3.450 webber1998a
 26  56  23  48      0.575     20.400      1.020 webber1998a
 26  56  23  47      0.575      3.800      0.380 webber1998a
 26  56  22  50      0.575      1.000      0.300 webber1998a
 26  56  22  49      0.575      5.900      0.590 webber1998a
 26  56  22  48      0.575     19.700      0.985 webber1998a
 26  56  22  47      0.575     31.500      1.575 webber1998a
 26  56  22  46      0.575     21.700      1.085 webber1998a
 26  56  22  45      0.575      3.900      0.390 webber1998a
 26  56  22  44      0.575      0.900      0.270 webber1998a
 26  56  21  47      0.575      1.700      0.340 webber1998a
 26  56  21  46      0.575     10.100      0.505 webber1998a
 26  56  21  45      0.575     22.300      1.115 webber1998a
 26  56  21  44      0.575     15.600      0.780 webber1998a
 26  56  21  43      0.575      4.600      0.460 webber1998a
 26  56  20  45      0.575      1.800      0.360 webber1998a
 26  56  20  44      0.575      7.000      0.700 webber1998a
 26  56  20  43      0.575     17.600      0.880 webber1998a
 26  56  20  42      0.575     16.600      0.830 webber1998a
 26  56  20  41      0.575      6.300      0.630 webber1998a
 26  56  20  40      0.575      0.800      0.240 webber1998a
 26  56  19  43      0.575      2.200      0.440 webber1998a
 26  56  19  42      0.575      6.100      0.610 webber1998a
 26  56  19  41      0.575      9.900      0.495 webber1998a
 26  56  19  40      0.575      6.600      0.660 webber1998a
 26  56  19  39      0.575      2.600      0.520 webber1998a
 26  56  18  40      0.575      3.100      0.620 webber1998a
 26  56  18  39      0.575      7.800      0.780 webber1998a
 26  56  18  38      0.575      9.000      0.450 webber1998a
 26  56  18  37      0.575      3.400      0.340 webber1998a
 26  56  18  36      0.575      1.100      0.220 webber1998a
 26  56  17  38      0.575      0.900      0.180 webber1998a
 26  56  17  37      0.575      4.000      0.400 webber1998a
 26  56  17  36      0.575      5.700      0.570 webber1998a
 26  56  17  35      0.575      4.100      0.410 webber1998a
 26  56  17  34      0.575      0.600      0.156 webber1998a
 26  56  16  36      0.575      0.900      0.180 webber1998a
 26  56  16  35      0.575      2.900      0.290 webber1998a
 26  56  16  34      0.575      5.700      0.570 webber1998a
 26  56  16  33      0.575      4.300      0.430 webber1998a
 26  56  16  32      0.575      1.500      0.300 webber1998a
 28  58  27  57      0.620     68.500      3.425 webber1998a
 28  58  27  56      0.620     43.500      2.175 webber1998a
 28  58  27  55      0.620      4.000      0.800 webber1998a
 17  37  17  36      0.542     36.600      2.928 webber1998b
 17  37  17  35      0.542      8.100      0.972 webber1998b
 17  37  16  36      0.542     30.500      2.440 webber1998b
 17  37  16  35      0.542     32.200      2.576 webber1998b
 17  37  16  34      0.542     33.300      2.664 webber1998b
 17  37  16  33      0.542     11.400      1.368 webber1998b
 17  37  16  32      0.542      1.900      0.570 webber1998b
 16  33  16  32      0.502     31.200      2.496 webber1998b
 16  33  16  31      0.502      5.600      1.120 webber1998b
 16  33  15  32      0.502     37.400      1.870 webber1998b
 16  33  15  31      0.502     47.700      2.385 webber1998b
 16  33  15  30      0.502     17.600      2.112 webber1998b
 16  33  14  31      0.502      5.500      0.660 webber1998b
 16  33  14  30      0.502     38.200      1.910 webber1998b
 16  33  14  29      0.502     40.500      2.025 webber1998b
 16  33  14  28      0.502     23.300      2.796 webber1998b
 16  33  13  29      0.502      5.700      0.684 webber1998b
 16  33  13  28      0.502     18.200      1.456 webber1998b
 16  33  13  27      0.502     26.000      2.080 webber1998b
 16  33  13  26      0.502      5.300      1.060 webber1998b
 16  33  12  27      0.502      2.800      0.560 webber1998b
 16  33  12  26      0.502     15.600      1.248 webber1998b
 16  33  12  25      0.502     20.900      1.672 webber1998b
 16  33  12  24      0.502     16.500      1.980 webber1998b
 15  31  15  30      0.505     25.600      2.048 webber1998b
 15  31  15  29      0.505      1.300      0.390 webber1998b
 15  31  14  30      0.505      5.600      0.280 webber1998b
 15  31  14  29      0.505     45.000      2.250 webber1998b
 15  31  14  28      0.505     37.400      1.870 webber1998b
 15  31  14  27      0.505      2.400      0.480 webber1998b
 15  31  13  29      0.505      2.600      0.520 webber1998b
 15  31  13  28      0.505     14.600      1.168 webber1998b
 15  31  13  27      0.505     35.700      1.785 webber1998b
 15  31  13  26      0.505     18.300      2.196 webber1998b
 15  31  12  26      0.505      2.700      0.810 webber1998b
 15  31  12  25      0.505     18.400      2.208 webber1998b
 15  31  12  24      0.505     32.300      2.584 webber1998b
 15  31  12  23      0.505     21.600      2.592 webber1998b
 15  30  15  29      0.504     11.100      1.332 webber1998b
 15  30  14  29      0.504     40.900      3.272 webber1998b
 15  30  14  28      0.504     73.100      3.655 webber1998b
 15  30  14  27      0.504      5.600      1.120 webber1998b
 15  30  13  28      0.504      7.700      1.540 webber1998b
 15  30  13  27      0.504     41.000      3.280 webber1998b
 15  30  13  26      0.504     22.400      2.688 webber1998b
 15  30  12  26      0.504      8.600      1.720 webber1998b
 15  30  12  25      0.504     20.500      1.025 webber1998b
 15  30  12  24      0.504     39.000      3.120 webber1998b
 15  30  12  23      0.504      5.800      1.160 webber1998b
 14  29  14  28      0.508     38.300      3.064 webber1998b
 14  29  14  27      0.508      1.800      0.540 webber1998b
 14  29  13  28      0.508     37.500      3.000 webber1998b
 14  29  13  27      0.508     46.500      3.720 webber1998b
 14  29  13  26      0.508     14.900      1.788 webber1998b
 14  29  12  27      0.508     10.500      2.100 webber1998b
 14  29  12  26      0.508     33.300      2.664 webber1998b
 14  29  12  25      0.508     26.600      2.128 webber1998b
 14  29  12  24      0.508     18.400      2.208 webber1998b
 14  29  11  25      0.508      4.300      1.290 webber1998b
 14  29  11  24      0.508     14.300      1.716 webber1998b
 14  29  11  23      0.508     20.500      1.640 webber1998b
 14  29  11  22      0.508     14.800      1.776 webber1998b
 14  29  10  23      0.508      3.600      1.080 webber1998b
 14  29  10  22      0.508     12.700      1.524 webber1998b
 14  29  10  21      0.508     16.700      2.004 webber1998b
 14  29  10  20      0.508     14.800      1.776 webber1998b
 14  29   8  18      0.508      4.500      0.900 webber1998b
 14  29   8  17      0.508      7.500      0.900 webber1998b
 14  29   8  16      0.508     15.000      1.200 webber1998b
 14  29   8  15      0.508      2.400      0.720 webber1998b
 13  26  13  25      0.508     10.600      2.120 webber1998b
 13  26  12  25      0.508     74.000      5.920 webber1998b
 13  26  12  24      0.508     36.800      4.416 webber1998b
 13  26  11  24      0.508     11.400      2.280 webber1998b
 13  26  11  23      0.508     29.000      2.320 webber1998b
 13  26  11  22      0.508     17.400      2.088 webber1998b
 13  26  10  22      0.508      9.100      1.820 webber1998b
 13  26  10  21      0.508     20.400      2.448 webber1998b
 13  26  10  20      0.508     19.100      2.292 webber1998b
 13  26  10  19      0.508      4.100      1.230 webber1998b
 13  26   9  20      0.508      1.900      0.570 webber1998b
 13  26   9  19      0.508     13.600      2.720 webber1998b
 13  26   9  18      0.508     10.500      2.100 webber1998b
 13  26   8  18      0.508      3.100      0.930 webber1998b
 13  26   8  17      0.508      9.900      1.980 webber1998b
 13  26   8  16      0.508     26.000      2.080 webber1998b
 13  26   8  15      0.508      4.100      1.230 webber1998b
 12  25  12  24      0.514     28.200      3.384 webber1998b
 12  25  12  23      0.514      2.100      0.630 webber1998b
 12  25  11  24      0.514     29.000      3.480 webber1998b
 12  25  11  23      0.514     41.600      3.328 webber1998b
 12  25  11  22      0.514     20.100      4.020 webber1998b
 12  25  11  21      0.514      5.200      1.560 webber1998b
 12  25  10  23      0.514      6.100      1.830 webber1998b
 12  25  10  22      0.514     22.000      2.640 webber1998b
 12  25  10  21      0.514     24.900      2.988 webber1998b
 12  25  10  20      0.514     12.300      2.460 webber1998b
 12  25   9  20      0.514      8.000      2.400 webber1998b
 12  25   9  19      0.514     15.200      3.040 webber1998b
 12  25   9  18      0.514     13.000      3.900 webber1998b
 12  25   8  18      0.514      6.600      1.980 webber1998b
 12  25   8  17      0.514     11.400      2.280 webber1998b
 12  25   8  16      0.514     27.200      3.264 webber1998b
 12  25   8  15      0.514      6.000      1.800 webber1998b
 11  23  11  22      0.517     26.200      3.144 webber1998b
 11  23  10  22      0.517     22.000      4.400 webber1998b
 11  23  10  21      0.517     36.600      4.392 webber1998b
 11  23  10  20      0.517     30.600      3.672 webber1998b
 11  23  10  19      0.517      7.500      2.250 webber1998b
 11  23   9  20      0.517     13.300      2.660 webber1998b
 11  23   9  19      0.517     16.600      3.320 webber1998b
 11  23   9  18      0.517      8.800      2.640 webber1998b
 11  23   8  18      0.517      7.200      2.160 webber1998b
 11  23   8  17      0.517     16.200      3.240 webber1998b
 11  23   8  16      0.517     33.600      4.032 webber1998b
 11  23   8  15      0.517     11.100      3.330 webber1998b
 11  22  11  21      0.520     13.200      2.640 webber1998b
 11  22  10  21      0.520     34.500      4.140 webber1998b
 11  22  10  20      0.520     44.900      5.388 webber1998b
 11  22  10  19      0.520      5.900      1.770 webber1998b
 11  22   9  20      0.520      3.000      0.900 webber1998b
 11  22   9  19      0.520     12.800      2.560 webber1998b
 11  22   9  18      0.520     12.400      2.480 webber1998b
 11  22   9  17      0.520      5.300      1.590 webber1998b
 11  22   8  18      0.520      3.400      1.020 webber1998b
 11  22   8  17      0.520      9.500      1.900 webber1998b
 11  22   8  16      0.520     43.700      5.244 webber1998b
 11  22   8  15      0.520     10.900      3.270 webber1998b
 10  21  10  20      0.520     40.900      8.180 webber1998b
 10  21   9  20      0.520     20.500      6.150 webber1998b
 10  21   9  19      0.520     32.500      6.500 webber1998b
 10  21   9  18      0.520     10.900      3.270 webber1998b
 10  21   8  18      0.520      7.900      2.370 webber1998b
 10  21   8  17      0.520     15.400      4.620 webber1998b
 10  21   8  16      0.520     43.100      5.172 webber1998b
 10  21   8  15      0.520      7.800      2.340 webber1998b
  9  19   9  18      0.523     39.200     11.760 webber1998b
  9  19   8  18      0.523     11.700      3.510 webber1998b
  9  19   8  17      0.523     21.100      6.330 webber1998b
  9  19   8  16      0.523     34.600     10.380 webber1998b
 16  32  16  31      0.501     30.600      1.530 webber1998b
 16  32  16  30      0.501      2.800      0.336 webber1998b
 16  32  15  31      0.501     38.500      1.925 webber1998b
 16  32  15  30      0.501     33.500      1.675 webber1998b
 16  32  15  29      0.501      6.200      0.496 webber1998b
 16  32  14  30      0.501     16.600      0.830 webber1998b
 16  32  14  29      0.501     37.300      1.865 webber1998b
 16  32  14  28      0.501     42.200      2.110 webber1998b
 16  32  14  27      0.501      8.000      0.640 webber1998b
 16  32  13  28      0.501      9.300      0.744 webber1998b
 16  32  13  27      0.501     28.900      1.445 webber1998b
 16  32  13  26      0.501     14.800      0.740 webber1998b
 16  32  13  25      0.501      2.100      0.420 webber1998b
 16  32  12  26      0.501     11.900      0.952 webber1998b
 16  32  12  25      0.501     25.400      1.270 webber1998b
 16  32  12  24      0.501     26.500      1.325 webber1998b
 16  32  12  23      0.501      4.600      0.552 webber1998b
 16  32  11  24      0.501      4.700      0.564 webber1998b
 16  32  11  23      0.501     16.600      0.830 webber1998b
 16  32  11  22      0.501     10.300      0.824 webber1998b
 16  32  11  21      0.501      1.800      0.360 webber1998b
 16  32  10  22      0.501      5.500      0.660 webber1998b
 16  32  10  21      0.501     10.700      0.856 webber1998b
 16  32  10  20      0.501     11.800      0.944 webber1998b
 16  32  10  19      0.501      2.200      0.440 webber1998b
 14  28  14  27      0.506     31.800      2.544 webber1998b
 14  28  14  26      0.506      1.200      0.360 webber1998b
 14  28  13  27      0.506     50.400      2.520 webber1998b
 14  28  13  26      0.506     25.800      1.290 webber1998b
 14  28  13  25      0.506      3.100      0.465 webber1998b
 14  28  12  26      0.506     15.500      0.775 webber1998b
 14  28  12  25      0.506     27.300      1.365 webber1998b
 14  28  12  24      0.506     35.900      1.795 webber1998b
 14  28  12  23      0.506      5.800      0.696 webber1998b
 14  28  11  25      0.506      2.900      0.580 webber1998b
 14  28  11  24      0.506      7.400      0.592 webber1998b
 14  28  11  23      0.506     17.200      1.376 webber1998b
 14  28  11  22      0.506     13.300      1.064 webber1998b
 14  28  11  21      0.506      2.000      0.600 webber1998b
 14  28  10  23      0.506      2.700      0.540 webber1998b
 14  28  10  22      0.506      8.500      0.680 webber1998b
 14  28  10  21      0.506     16.500      1.980 webber1998b
 14  28  10  20      0.506     14.300      1.144 webber1998b
 14  28  10  19      0.506      3.700      0.740 webber1998b
 14  28   9  20      0.506      1.100      0.220 webber1998b
 14  28   9  19      0.506      9.000      0.720 webber1998b
 14  28   9  18      0.506      6.700      0.804 webber1998b
 14  28   8  18      0.506      4.600      0.552 webber1998b
 14  28   8  17      0.506      8.900      1.068 webber1998b
 14  28   8  16      0.506     17.600      1.408 webber1998b
 14  28   8  15      0.506      5.600      0.672 webber1998b
 13  27  13  26      0.511     37.500      3.000 webber1998b
 13  27  13  25      0.511      2.300      0.690 webber1998b
 13  27  12  26      0.511     37.300      2.984 webber1998b
 13  27  12  25      0.511     41.200      2.060 webber1998b
 13  27  12  24      0.511     27.800      2.224 webber1998b
 13  27  12  23      0.511      4.900      0.980 webber1998b
 13  27  11  25      0.511      3.200      0.640 webber1998b
 13  27  11  24      0.511     14.100      1.692 webber1998b
 13  27  11  23      0.511     22.400      1.792 webber1998b
 13  27  11  22      0.511     12.300      1.476 webber1998b
 13  27  11  21      0.511      2.400      0.720 webber1998b
 13  27  10  22      0.511     14.800      1.184 webber1998b
 13  27  10  21      0.511     19.100      1.528 webber1998b
 13  27  10  20      0.511     16.900      1.352 webber1998b
 13  27  10  19      0.511      2.200      0.660 webber1998b
 13  27   9  20      0.511      4.000      0.800 webber1998b
 13  27   9  19      0.511     10.800      1.296 webber1998b
 13  27   9  18      0.511      5.900      1.180 webber1998b
 13  27   8  18      0.511      5.900      1.180 webber1998b
 13  27   8  17      0.511     10.300      1.236 webber1998b
 13  27   8  16      0.511     22.900      1.832 webber1998b
 13  27   8  15      0.511      7.100      1.420 webber1998b
 12  24  12  23      0.509     31.100      2.488 webber1998b
 12  24  12  22      0.509      2.500      0.750 webber1998b
 12  24  11  23      0.509     43.500      2.175 webber1998b
 12  24  11  22      0.509     32.300      1.615 webber1998b
 12  24  11  21      0.509      4.500      0.540 webber1998b
 12  24  10  22      0.509     16.200      3.240 webber1998b
 12  24  10  21      0.509     26.300      1.315 webber1998b
 12  24  10  20      0.509     19.600      3.920 webber1998b
 12  24  10  19      0.509      3.100      0.620 webber1998b
 12  24   9  20      0.509      2.600      0.780 webber1998b
 12  24   9  19      0.509     13.200      1.056 webber1998b
 12  24   9  18      0.509     12.500      1.000 webber1998b
 12  24   9  17      0.509      2.400      0.720 webber1998b
 12  24   8  18      0.509      4.800      0.960 webber1998b
 12  24   8  17      0.509     10.900      0.872 webber1998b
 12  24   8  16      0.509     33.800      1.690 webber1998b
 12  24   8  15      0.509     10.800      1.296 webber1998b
 13  27   9  20      0.582      4.300      0.516 webber1998b
 13  27   9  19      0.582      9.900      0.792 webber1998b
 13  27   9  18      0.582      4.500      0.540 webber1998b
 13  27   8  18      0.582      5.800      0.696 webber1998b
 13  27   8  17      0.582     12.100      0.968 webber1998b
 13  27   8  16      0.582     21.100      1.055 webber1998b
 13  27   8  15      0.582      5.500      0.660 webber1998b
 25  55  25  54      0.563     44.500      3.560 webber1998b
 25  55  25  53      0.563      5.900      1.180 webber1998b
 25  55  24  54      0.563     19.600      1.568 webber1998b
 25  55  24  53      0.563     33.500      1.675 webber1998b
 25  55  24  52      0.563     45.400      2.270 webber1998b
 25  55  24  51      0.563     41.500      2.075 webber1998b
 25  55  24  50      0.563     13.300      1.064 webber1998b
 25  55  24  49      0.563      1.500      0.450 webber1998b
 25  55  23  52      0.563      1.800      0.540 webber1998b
 25  55  23  51      0.563     13.100      1.048 webber1998b
 25  55  23  50      0.563     28.000      1.400 webber1998b
 25  55  23  49      0.563     41.400      2.070 webber1998b
 25  55  23  48      0.563     13.600      1.088 webber1998b
 25  55  23  47      0.563      1.300      0.390 webber1998b
 25  55  22  50      0.563      0.600      0.180 webber1998b
 25  55  22  49      0.563      4.500      0.540 webber1998b
 25  55  22  48      0.563     17.900      1.432 webber1998b
 25  55  22  47      0.563     37.200      1.860 webber1998b
 25  55  22  46      0.563     20.700      1.656 webber1998b
 25  55  22  45      0.563      3.900      0.780 webber1998b
 25  55  21  48      0.563      2.700      0.540 webber1998b
 25  55  21  47      0.563      6.400      0.768 webber1998b
 25  55  21  46      0.563     14.000      1.120 webber1998b
 25  55  21  45      0.563     22.400      1.792 webber1998b
 25  55  21  44      0.563     10.800      0.864 webber1998b
 25  55  21  43      0.563      2.000      0.600 webber1998b
 25  55  20  46      0.563      1.600      0.480 webber1998b
 25  55  20  45      0.563      5.800      0.696 webber1998b
 25  55  20  44      0.563     11.600      0.928 webber1998b
 25  55  20  43      0.563     13.800      1.104 webber1998b
 25  55  20  42      0.563     11.100      0.888 webber1998b
 25  55  20  41      0.563      6.100      0.732 webber1998b
 25  55  20  40      0.563      1.900      0.570 webber1998b
 25  55  19  43      0.563      0.900      0.270 webber1998b
 25  55  19  42      0.563      5.800      0.696 webber1998b
 25  55  19  41      0.563     14.800      1.184 webber1998b
 25  55  19  40      0.563     13.400      1.072 webber1998b
 25  55  19  39      0.563      2.300      0.690 webber1998b
 25  55  18  41      0.563      0.900      0.270 webber1998b
 25  55  18  40      0.563      4.900      0.588 webber1998b
 25  55  18  39      0.563      8.700      0.696 webber1998b
 25  55  18  38      0.563     10.200      0.816 webber1998b
 25  55  18  37      0.563      5.800      0.696 webber1998b
 25  55  18  36      0.563      0.800      0.240 webber1998b
 25  55  17  38      0.563      1.900      0.380 webber1998b
 25  55  17  37      0.563      6.000      0.720 webber1998b
 25  55  17  36      0.563      9.700      0.776 webber1998b
 25  55  17  35      0.563      2.600      0.520 webber1998b
 25  55  17  34      0.563      0.200      0.060 webber1998b
 25  55  16  36      0.563      1.600      0.320 webber1998b
 25  55  16  35      0.563      4.700      0.564 webber1998b
 25  55  16  34      0.563      6.700      0.804 webber1998b
 25  55  16  33      0.563      3.000      0.600 webber1998b
 25  55  16  32      0.563      0.400      0.120 webber1998b
 24  52  24  51      0.565     52.100     10.420 webber1998b
 24  52  24  50      0.565      7.800      2.340 webber1998b
 24  52  23  51      0.565     33.900      4.068 webber1998b
 24  52  23  50      0.565     36.300      4.356 webber1998b
 24  52  23  49      0.565     43.800      5.256 webber1998b
 24  52  23  48      0.565     12.000      2.400 webber1998b
 24  52  22  50      0.565      3.000      0.900 webber1998b
 24  52  22  49      0.565     13.800      2.760 webber1998b
 24  52  22  48      0.565     28.900      3.468 webber1998b
 24  52  22  47      0.565     43.800      5.256 webber1998b
 24  52  22  46      0.565     16.300      3.260 webber1998b
 24  52  21  47      0.565      3.600      1.080 webber1998b
 24  52  21  46      0.565     14.000      2.800 webber1998b
 24  52  21  45      0.565     27.600      3.312 webber1998b
 24  52  21  44      0.565     24.700      2.964 webber1998b
 24  52  21  43      0.565      6.300      1.890 webber1998b
 24  52  20  45      0.565      9.800      1.960 webber1998b
 24  52  20  44      0.565     19.100      2.292 webber1998b
 24  52  20  43      0.565     27.000      3.240 webber1998b
 24  52  20  42      0.565     15.500      3.100 webber1998b
 24  52  20  41      0.565      0.900      0.270 webber1998b
 26  54  26  53      0.557     28.300      3.396 webber1998b
 26  54  26  52      0.557      2.000      0.600 webber1998b
 26  54  25  53      0.557     40.900      3.272 webber1998b
 26  54  25  52      0.557     34.100      2.728 webber1998b
 26  54  25  51      0.557      7.600      1.520 webber1998b
 26  54  24  52      0.557     10.500      2.100 webber1998b
 26  54  24  51      0.557     41.100      3.288 webber1998b
 26  54  24  50      0.557     26.000      3.120 webber1998b
 26  54  24  49      0.557     10.900      2.180 webber1998b
 25  52  25  51      0.561     17.100      3.420 webber1998b
 25  52  24  51      0.561     33.500      2.680 webber1998b
 25  52  24  50      0.561     41.000      3.280 webber1998b
 25  52  24  49      0.561      4.600      0.920 webber1998b
 25  52  23  50      0.561     17.600      2.112 webber1998b
 25  52  23  49      0.561     51.900      4.152 webber1998b
 25  52  23  48      0.561     25.000      3.000 webber1998b
 25  52  23  47      0.561      2.100      0.630 webber1998b
 25  52  22  49      0.561      3.100      0.930 webber1998b
 25  52  22  48      0.561     29.900      5.980 webber1998b
 25  52  22  47      0.561     44.000      5.280 webber1998b
 25  52  22  46      0.561     20.300      4.060 webber1998b
 25  52  22  45      0.561      1.300      0.390 webber1998b
 25  52  21  47      0.561      4.800      1.440 webber1998b
 25  52  21  46      0.561     21.800      2.616 webber1998b
 25  52  21  45      0.561     29.000      3.480 webber1998b
 25  52  21  44      0.561     10.500      2.100 webber1998b
 25  52  20  44      0.561     16.100      3.220 webber1998b
 25  52  20  43      0.561     27.200      3.264 webber1998b
 25  52  20  42      0.561     17.600      3.520 webber1998b
 25  52  20  41      0.561      2.300      0.690 webber1998b
 24  50  24  49      0.564     24.600      4.920 webber1998b
 24  50  24  48      0.564      4.200      1.260 webber1998b
 24  50  23  49      0.564     50.200      4.016 webber1998b
 24  50  23  48      0.564     35.500      2.840 webber1998b
 24  50  23  47      0.564      8.100      2.430 webber1998b
 24  50  22  48      0.564     44.500      3.560 webber1998b
 24  50  22  47      0.564     44.400      3.552 webber1998b
 24  50  22  46      0.564     14.300      4.290 webber1998b
 24  50  21  46      0.564      6.600      1.980 webber1998b
 24  50  21  45      0.564     36.100      4.332 webber1998b
 24  50  21  44      0.564     27.500      5.500 webber1998b
 24  50  21  43      0.564      5.900      1.770 webber1998b
 24  50  20  44      0.564     17.900      3.580 webber1998b
 24  50  20  43      0.564     21.700      4.340 webber1998b
 24  50  20  42      0.564     21.700      4.340 webber1998b
 24  50  20  41      0.564      7.800      2.340 webber1998b
 12  26  12  25      0.576     35.800      8.800 chen1997a
 12  26  12  24      0.576      0.500      0.500 chen1997a
 12  26  11  25      0.576     32.700      5.400 chen1997a
 12  26  11  24      0.576     35.700      6.000 chen1997a
 12  26  11  23      0.576     23.500      4.100 chen1997a
 12  26  11  22      0.576      0.700      0.300 chen1997a
 12  26  10  23      0.576      6.600      1.100 chen1997a
 12  26  10  22      0.576     45.300      4.000 chen1997a
 12  26  10  21      0.576     21.700      1.900 chen1997a
 12  26  10  20      0.576      2.100      0.800 chen1997a
 12  26  10  19      0.576      0.500      0.200 chen1997a
 12  26   9  22      0.576      0.100      0.100 chen1997a
 12  26   9  21      0.576      4.000      0.800 chen1997a
 12  26   9  20      0.576     16.300      1.900 chen1997a
 12  26   9  19      0.576     19.900      2.200 chen1997a
 12  26   9  18      0.576      2.000      0.600 chen1997a
 12  26   9  17      0.576      0.100      0.200 chen1997a
 12  26   8  19      0.576      2.000      0.600 chen1997a
 12  26   8  18      0.576     17.300      1.900 chen1997a
 12  26   8  17      0.576     22.400      2.300 chen1997a
 12  26   8  16      0.576     11.300      1.500 chen1997a
 12  26   8  15      0.576      0.200      0.200 chen1997a
 12  26   7  16      0.576      4.000      0.700 chen1997a
 12  26   7  15      0.576     29.900      3.000 chen1997a
 12  26   7  14      0.576      4.800      0.900 chen1997a
 12  26   7  13      0.576      0.100      0.100 chen1997a
 12  26   6  15      0.576      0.400      0.300 chen1997a
 12  26   6  14      0.576      9.000      1.300 chen1997a
 12  26   6  13      0.576     25.000      2.800 chen1997a
 12  26   6  12      0.576     11.100      1.500 chen1997a
 12  26   6  11      0.576      0.400      0.300 chen1997a
 12  26   5  12      0.576      1.000      0.400 chen1997a
 12  26   5  11      0.576      8.600      2.000 chen1997a
 12  26   5  10      0.576      2.200      0.800 chen1997a
 10  22  10  21      0.581     29.200      5.000 chen1997a
 10  22  10  20      0.581      7.600      3.600 chen1997a
 10  22  10  19      0.581      1.300      0.500 chen1997a
 10  22   9  21      0.581     25.200      3.000 chen1997a
 10  22   9  20      0.581     26.500      3.200 chen1997a
 10  22   9  19      0.581     22.400      2.700 chen1997a
 10  22   9  18      0.581      5.500      0.900 chen1997a
 10  22   9  17      0.581      0.700      0.300 chen1997a
 10  22   8  20      0.581      1.200      0.200 chen1997a
 10  22   8  19      0.581      3.600      0.400 chen1997a
 10  22   8  18      0.581     18.100      1.500 chen1997a
 10  22   8  17      0.581     19.100      1.500 chen1997a
 10  22   8  16      0.581     25.700      1.800 chen1997a
 10  22   8  15      0.581      1.600      0.300 chen1997a
 10  22   7  17      0.581      2.900      0.300 chen1997a
 10  22   7  16      0.581      5.500      0.500 chen1997a
 10  22   7  15      0.581     39.000      2.500 chen1997a
 10  22   7  14      0.581     10.100      1.200 chen1997a
 10  22   7  13      0.581      0.500      0.100 chen1997a
 10  22   6  15      0.581      0.800      0.200 chen1997a
 10  22   6  14      0.581     10.200      1.200 chen1997a
 10  22   6  13      0.581     21.900      1.900 chen1997a
 10  22   6  12      0.581     17.000      1.800 chen1997a
 10  22   6  11      0.581      0.800      0.200 chen1997a
 10  22   5  13      0.581      0.300      0.100 chen1997a
 10  22   5  12      0.581      2.600      0.400 chen1997a
 10  22   5  11      0.581     16.700      1.800 chen1997a
 10  22   5  10      0.581      4.800      0.600 chen1997a
 10  22  10  21      0.894     20.700      5.900 chen1997a
 10  22  10  20      0.894     12.100      3.900 chen1997a
 10  22  10  19      0.894      0.100      0.300 chen1997a
 10  22   9  21      0.894     24.200      3.400 chen1997a
 10  22   9  20      0.894     23.300      3.900 chen1997a
 10  22   9  19      0.894     24.100      3.300 chen1997a
 10  22   9  18      0.894      5.400      1.400 chen1997a
 10  22   9  17      0.894      0.400      0.300 chen1997a
 10  22   8  20      0.894      1.000      0.200 chen1997a
 10  22   8  19      0.894      4.300      0.500 chen1997a
 10  22   8  18      0.894     14.700      1.100 chen1997a
 10  22   8  17      0.894     17.300      1.200 chen1997a
 10  22   8  16      0.894     24.300      1.500 chen1997a
 10  22   8  15      0.894      2.800      0.400 chen1997a
 10  22   7  17      0.894      2.800      0.400 chen1997a
 10  22   7  16      0.894      4.400      0.600 chen1997a
 10  22   7  15      0.894     33.500      2.100 chen1997a
 10  22   7  14      0.894     11.700      1.100 chen1997a
 10  22   7  13      0.894      0.700      0.200 chen1997a
 10  22   6  15      0.894      0.600      0.100 chen1997a
 10  22   6  14      0.894      8.600      0.900 chen1997a
 10  22   6  13      0.894     19.000      1.600 chen1997a
 10  22   6  12      0.894     17.000      1.400 chen1997a
 10  22   6  11      0.894      2.200      0.400 chen1997a
 10  22   5  13      0.894      0.200      0.100 chen1997a
 10  22   5  12      0.894      2.500      0.400 chen1997a
 10  22   5  11      0.894     19.100      2.400 chen1997a
 10  22   5  10      0.894      5.400      0.900 chen1997a
 20  40  20  39      0.565     34.400      7.700 chen1997b
 20  40  20  38      0.565      1.300      0.900 chen1997b
 20  40  19  39      0.565     39.600      7.200 chen1997b
 20  40  19  38      0.565     23.200      5.800 chen1997b
 20  40  19  37      0.565      5.300      1.000 chen1997b
 20  40  19  36      0.565      0.100      0.200 chen1997b
 20  40  18  38      0.565     23.000      1.600 chen1997b
 20  40  18  37      0.565     43.700      2.200 chen1997b
 20  40  18  36      0.565     28.800      1.700 chen1997b
 20  40  18  35      0.565      4.600      0.500 chen1997b
 20  40  18  34      0.565      0.300      0.100 chen1997b
 20  40  17  37      0.565      2.600      0.200 chen1997b
 20  40  17  36      0.565     12.100      0.900 chen1997b
 20  40  17  35      0.565     29.900      1.700 chen1997b
 20  40  17  34      0.565     14.600      1.100 chen1997b
 20  40  17  33      0.565      1.300      0.200 chen1997b
 20  40  17  32      0.565      0.200      0.100 chen1997b
 20  40  16  35      0.565      1.500      0.300 chen1997b
 20  40  16  34      0.565     20.400      1.100 chen1997b
 20  40  16  33      0.565     35.700      1.700 chen1997b
 20  40  16  32      0.565     23.200      1.300 chen1997b
 20  40  16  31      0.565      2.700      0.300 chen1997b
 20  40  16  30      0.565      0.200      0.100 chen1997b
 20  40  15  33      0.565      1.800      0.200 chen1997b
 20  40  15  32      0.565      9.200      0.700 chen1997b
 20  40  15  31      0.565     25.400      1.400 chen1997b
 20  40  15  30      0.565     11.300      0.800 chen1997b
 20  40  15  29      0.565      0.800      0.200 chen1997b
 20  40  14  31      0.565      1.200      0.200 chen1997b
 20  40  14  30      0.565     14.200      0.900 chen1997b
 20  40  14  29      0.565     24.200      1.400 chen1997b
 20  40  14  28      0.565     22.500      1.400 chen1997b
 20  40  14  27      0.565      1.800      0.300 chen1997b
 20  40  13  29      0.565      0.500      0.100 chen1997b
 20  40  13  28      0.565      5.000      0.500 chen1997b
 20  40  13  27      0.565     18.100      1.200 chen1997b
 20  40  13  26      0.565      8.200      0.700 chen1997b
 20  40  13  25      0.565      0.700      0.100 chen1997b
 20  40  13  24      0.565      0.100      0.100 chen1997b
 20  40  12  27      0.565      0.400      0.300 chen1997b
 20  40  12  26      0.565      6.400      0.700 chen1997b
 20  40  12  25      0.565     10.700      1.000 chen1997b
 20  40  12  24      0.565     11.700      1.000 chen1997b
 20  40  12  23      0.565      0.800      0.200 chen1997b
 20  40  11  25      0.565      0.300      0.100 chen1997b
 20  40  11  24      0.565      1.700      0.300 chen1997b
 20  40  11  23      0.565      7.500      0.700 chen1997b
 20  40  11  22      0.565      4.100      0.500 chen1997b
 20  40  11  21      0.565      0.300      0.100 chen1997b
 20  40  10  23      0.565      0.100      0.100 chen1997b
 20  40  10  22      0.565      2.200      0.300 chen1997b
 20  40  10  21      0.565      5.000      0.600 chen1997b
 20  40  10  20      0.565      4.200      0.500 chen1997b
 20  40  10  19      0.565      0.400      0.100 chen1997b
 20  40  20  39      0.763     29.800      6.400 chen1997b
 20  40  20  38      0.763      0.300      1.000 chen1997b
 20  40  19  38      0.763     21.100      8.600 chen1997b
 20  40  19  37      0.763      4.600      1.900 chen1997b
 20  40  19  36      0.763      0.100      0.400 chen1997b
 20  40  18  38      0.763     19.400      2.000 chen1997b
 20  40  18  37      0.763     44.300      3.600 chen1997b
 20  40  18  36      0.763     33.600      3.300 chen1997b
 20  40  18  35      0.763      4.800      0.700 chen1997b
 20  40  18  34      0.763      0.300      0.200 chen1997b
 20  40  17  37      0.763      2.700      0.400 chen1997b
 20  40  17  36      0.763     11.700      1.300 chen1997b
 20  40  17  35      0.763     33.600      2.300 chen1997b
 20  40  17  34      0.763     15.200      1.500 chen1997b
 20  40  17  33      0.763      1.400      0.400 chen1997b
 20  40  17  32      0.763      0.200      0.100 chen1997b
 20  40  16  35      0.763      1.300      0.400 chen1997b
 20  40  16  34      0.763     20.400      1.800 chen1997b
 20  40  16  33      0.763     36.200      2.400 chen1997b
 20  40  16  32      0.763     21.200      1.600 chen1997b
 20  40  16  31      0.763      2.900      0.600 chen1997b
 20  40  16  30      0.763      0.200      0.100 chen1997b
 20  40  15  33      0.763      1.300      0.300 chen1997b
 20  40  15  32      0.763     12.900      1.200 chen1997b
 20  40  15  31      0.763     24.100      1.900 chen1997b
 20  40  15  30      0.763     11.700      1.100 chen1997b
 20  40  15  29      0.763      0.900      0.300 chen1997b
 20  40  14  31      0.763      0.600      0.300 chen1997b
 20  40  14  30      0.763     16.700      1.500 chen1997b
 20  40  14  29      0.763     23.200      2.100 chen1997b
 20  40  14  28      0.763     27.500      1.900 chen1997b
 20  40  14  27      0.763      2.600      0.400 chen1997b
 20  40  13  29      0.763      1.000      0.200 chen1997b
 20  40  13  28      0.763      5.500      0.600 chen1997b
 20  40  13  27      0.763     21.200      1.900 chen1997b
 20  40  13  26      0.763      8.400      0.800 chen1997b
 20  40  13  25      0.763      0.900      0.200 chen1997b
 20  40  13  24      0.763      0.100      0.100 chen1997b
 20  40  12  27      0.763      0.700      0.200 chen1997b
 20  40  12  26      0.763      6.900      0.700 chen1997b
 20  40  12  25      0.763     13.400      1.200 chen1997b
 20  40  12  24      0.763     14.500      1.300 chen1997b
 20  40  12  23      0.763      2.100      0.300 chen1997b
 20  40  11  25      0.763      0.600      0.200 chen1997b
 20  40  11  24      0.763      2.500      0.400 chen1997b
 20  40  11  23      0.763     10.100      1.100 chen1997b
 20  40  11  22      0.763      5.900      0.800 chen1997b
 20  40  11  21      0.763      1.000      0.300 chen1997b
 20  40  10  23      0.763      0.200      0.100 chen1997b
 20  40  10  22      0.763      3.400      0.500 chen1997b
 20  40  10  21      0.763      4.900      0.700 chen1997b
 20  40  10  20      0.763      5.400      0.800 chen1997b
 20  40  10  19      0.763      0.600      0.200 chen1997b
  6  12   6  11      3.660     29.200      2.500 korejwo1999
  6  12   6  10      3.660      3.600      0.500 korejwo1999
  6  12   6   9      3.660      0.240      0.050 korejwo1999
  6  12   5  12      3.660      0.120      0.050 korejwo1999
  6  12   5  11      3.660     27.700      0.700 korejwo1999
  6  12   5  10      3.660     12.300      3.000 korejwo1999
  6  12   5   8      3.660      0.440      0.040 korejwo1999
  6  12   4  10      3.660      4.200      0.600 korejwo1999
  6  12   4   9      3.660      6.700      0.900 korejwo1999
  6  12   4   7      3.660     10.100      1.300 korejwo1999
  6  12   3   9      3.660      0.250      0.060 korejwo1999
  6  12   3   8      3.660      1.470      0.230 korejwo1999
  6  12   3   7      3.660     12.500      1.800 korejwo1999
  6  12   3   6      3.660     19.800      2.700 korejwo1999
  6  12   2   6      3.660      0.870      0.310 korejwo1999
  6  12   2   4      3.660    159.000     21.000 korejwo1999
  6  12   2   3      3.660     24.800      3.200 korejwo1999
  6  12   1   3      3.660     88.000     31.000 korejwo1999
  6  12   1   2      3.660    138.000     41.000 korejwo1999
  6  12   1   1      3.660    143.000     42.000 korejwo1999
  6  12   6  11      1.870     26.800      2.200 korejwo2002
  6  12   6  10      1.870      1.400      0.300 korejwo2002
  6  12   5  12      1.870      0.120      0.080 korejwo2002
  6  12   5  11      1.870     25.800      3.100 korejwo2002
  6  12   5  10      1.870     11.000      4.000 korejwo2002
  6  12   5   8      1.870      0.390      0.120 korejwo2002
  6  12   4  10      1.870      4.100      0.700 korejwo2002
  6  12   4   9      1.870      6.600      1.200 korejwo2002
  6  12   4   7      1.870      7.800      1.400 korejwo2002
  6  12   3   9      1.870      0.360      0.080 korejwo2002
  6  12   3   8      1.870      1.270      0.220 korejwo2002
  6  12   3   7      1.870     11.800      2.000 korejwo2002
  6  12   3   6      1.870     17.700      3.300 korejwo2002
  6  12   2   6      1.870      1.010      0.120 korejwo2002
  6  12   2   4      1.870    156.000     15.000 korejwo2002
  6  12   2   3      1.870     22.000      2.200 korejwo2002
  6  12   6  11      2.690     25.000      3.000 korejwo2002
  6  12   6  10      2.690      1.300      0.400 korejwo2002
  6  12   6   9      2.690      0.180      0.080 korejwo2002
  6  12   5  12      2.690      0.120      0.100 korejwo2002
  6  12   5  11      2.690     26.000      4.000 korejwo2002
  6  12   5  10      2.690     13.000      6.000 korejwo2002
  6  12   5   8      2.690      0.470      0.140 korejwo2002
  6  12   4  10      2.690      3.800      0.900 korejwo2002
  6  12   4   9      2.690      6.500      1.400 korejwo2002
  6  12   4   7      2.690      9.100      1.900 korejwo2002
  6  12   3   9      2.690      0.360      0.100 korejwo2002
  6  12   3   8      2.690      1.400      0.300 korejwo2002
  6  12   3   7      2.690     13.000      3.000 korejwo2002
  6  12   3   6      2.690     19.000      4.000 korejwo2002
  6  12   2   6      2.690      1.400      0.200 korejwo2002
  6  12   2   4      2.690    180.000     30.000 korejwo2002
  6  12   2   3      2.690     30.000      4.000 korejwo2002
  7  15   4   7      2.200      5.400      0.500 NUCLEX
  5  11   3   9      1.000      1.200      0.120 NUCLEX
  5  11   3   9      2.800      1.130      0.113 NUCLEX
  6  12   6  10      0.522      3.200      0.640 read1984
  6  12   6  11      0.522     30.800      3.080 read1984
  6  12   3   6      0.550      7.400      1.480 read1984
  6  12   3   7      0.550      5.600      1.120 read1984
  6  12   4   7      0.550     11.000      1.100 read1984
  6  12   3   6      0.600     15.500      2.200 read1984
  6  12   3   7      0.600     13.600      2.100 read1984
  6  12   4   7      0.600     11.000      1.100 read1984
  6  12   4   9      0.600      5.300      0.700 read1984
  6  12   4  10      0.600      2.800      0.400 read1984
  6  12   6  10      0.648      3.000      0.600 read1984
  6  12   6  11      0.648     28.200      2.820 read1984
  6  12   6  10      0.832      2.600      0.520 read1984
  6  12   6  11      0.832     25.800      2.580 read1984
  6  12   6  10      0.980      2.700      0.540 read1984
  6  12   6  11      0.980     23.400      2.340 read1984
  6  12   2   6      1.000      0.500      0.150 read1984
  6  12   3   9      1.000      0.220      0.066 read1984
  6  12   6  10      1.000      2.100      0.420 read1984
  6  12   3   9      2.800      0.240      0.072 read1984
  6  12   3   6     25.000     15.300      3.000 read1984
  6  12   3   7     25.000     14.500      3.000 read1984
  6  12   4   7     25.000      9.100      0.400 read1984
  6  12   4   9     25.000      6.100      0.900 read1984
  6  12   4  10     25.000      3.600      0.600 read1984
  6  12   2   6     28.500      0.600      0.180 read1984
  6  12   3   6    300.000     14.100      1.800 read1984
  6  12   3   7    300.000     12.700      2.000 read1984
  6  12   4   7    300.000      9.100      1.000 read1984
  6  12   4   9    300.000      6.100      0.900 read1984
  6  12   4  10    300.000      3.700      0.600 read1984
  6  13   4   7      0.600      4.900      0.900 read1984
  6  13   4   9      0.600      7.200      1.500 read1984
  6  13   4  10      0.600      6.000      1.400 read1984
  6  13   4   7     25.000      3.700      1.000 read1984
  6  13   4   9     25.000      6.400      0.700 read1984
  6  13   4  10     25.000      5.900      1.700 read1984
  7  14   3   7      0.126      9.500      4.200 read1984
  7  14   3   6      0.126     12.700      4.900 read1984
  7  14   4   7      0.600      7.000      1.400 read1984
  7  14   4  10      0.600      1.300      0.600 read1984
  7  14   4   7      2.200      8.600      0.800 read1984
  7  14   4   7      5.700     14.000      2.000 read1984
  8  16   4   7      0.550      9.000      1.500 read1984
  8  16   4  10      0.550      2.900      0.200 read1984
  8  16   3   6      0.600     12.400      2.400 read1984
  8  16   3   7      0.600     11.300      2.200 read1984
  8  16   4   7      0.600      7.000      1.700 read1984
  8  16   4   9      0.600      2.600      0.900 read1984
  8  16   4  10      0.600      0.600      0.200 read1984
  8  16   5  10      0.600     12.000      5.000 read1984
  8  16   5  11      0.600     25.000     12.000 read1984
  8  16   3   6      0.600     18.000      5.000 read1984
  8  16   4   7      0.600      7.000      1.500 read1984
  8  16   4   7      0.600      9.500      1.100 read1984
  8  16   4   9      0.600      4.900      0.700 read1984
  8  16   4  10      0.600      1.900      0.400 read1984
  8  16   4   7      0.600      6.500      2.000 read1984
  8  16   4   9      0.600      2.400      1.200 read1984
  8  16   4  10      0.600      0.600      0.400 read1984
  8  16   5  10      0.600     12.000      5.000 read1984
  8  16   5  11      0.600     25.000     12.000 read1984
  8  16   4   7      1.000      9.400      1.500 read1984
  8  16   4   7      2.000      9.800      1.400 read1984
  8  16   4   7      2.200      8.800      0.400 read1984
  8  16   4   7      5.700     10.000      5.000 read1984
  8  16   4   7      7.000      9.100      0.500 read1984
  8  16   4   7     19.000      6.500      2.000 read1984
  8  16   4   9     19.000      2.200      1.100 read1984
  8  16   4  10     19.000      0.640      0.500 read1984
  8  16   5  10     19.000     15.800      8.000 read1984
  8  16   8  15      2.100     27.300      2.600 olson1983
  8  16   8  14      2.100      0.750      0.120 olson1983
  8  16   8  13      2.100      0.170      0.030 olson1983
  8  16   7  15      2.100     34.300      3.300 olson1983
  8  16   7  14      2.100     31.000      3.300 olson1983
  8  16   7  13      2.100      4.490      0.460 olson1983
  8  16   7  12      2.100      0.400      0.070 olson1983
  8  16   6  15      2.100      0.020      0.010 olson1983
  8  16   6  14      2.100      3.690      0.380 olson1983
  8  16   6  13      2.100     17.800      1.700 olson1983
  8  16   6  12      2.100     32.300      4.800 olson1983
  8  16   6  11      2.100     11.000      1.100 olson1983
  8  16   6  10      2.100      1.830      0.210 olson1983
  8  16   6   9      2.100      0.210      0.080 olson1983
  8  16   5  13      2.100      0.310      0.050 olson1983
  8  16   5  12      2.100      1.450      0.170 olson1983
  8  16   5  11      2.100     15.400      1.500 olson1983
  8  16   5  10      2.100      8.900      1.700 olson1983
  8  16   5   8      2.100      0.580      0.080 olson1983
  8  16   4  12      2.100      0.040      0.020 olson1983
  8  16   4  11      2.100      0.080      0.030 olson1983
  8  16   4  10      2.100      2.050      0.310 olson1983
  8  16   4   9      2.100      4.170      0.550 olson1983
  8  16   4   7      2.100     10.100      1.200 olson1983
  8  16   3   9      2.100      0.340      0.080 olson1983
  8  16   3   8      2.100      0.730      0.170 olson1983
  8  16   3   7      2.100     11.100      1.300 olson1983
  8  16   3   6      2.100     13.300      2.400 olson1983
  8  16   2   6      2.100      0.730      0.200 olson1983
  8  16   2   4      2.100    221.000     20.000 olson1983
  8  16   2   3      2.100     50.200      5.700 olson1983
  8  16   1   3      2.100     55.000     11.000 olson1983
  8  16   1   2      2.100    152.000     23.000 olson1983
  8  16   1   1      2.100     37.200      6.800 olson1983
  6  12   6  11      2.100     26.100      2.400 olson1983
  6  12   6  10      2.100      2.380      0.240 olson1983
  6  12   6   9      2.100      0.380      0.070 olson1983
  6  12   5  11      2.100     30.900      3.400 olson1983
  6  12   5  10      2.100     16.900      3.000 olson1983
  6  12   5   8      2.100      0.470      0.110 olson1983
  6  12   4  10      2.100      3.420      0.350 olson1983
  6  12   4   9      2.100      5.920      0.540 olson1983
  6  12   4   7      2.100      9.500      1.000 olson1983
  6  12   3   9      2.100      0.410      0.080 olson1983
  6  12   3   8      2.100      1.130      0.160 olson1983
  6  12   3   7      2.100     11.000      1.000 olson1983
  6  12   3   6      2.100     13.900      1.500 olson1983
  6  12   2   6      2.100      0.910      0.210 olson1983
  6  12   2   4      2.100    171.000     15.000 olson1983
  6  12   2   3      2.100     51.500      4.500 olson1983
  6  12   1   3      2.100     53.000     10.000 olson1983
  6  12   1   2      2.100    105.000     15.000 olson1983
  6  12   1   1      2.100     24.100      4.100 olson1983
  6  12   6  11      1.050     25.000      3.000 olson1983
  6  12   6  10      1.050      2.520      0.280 olson1983
  6  12   6   9      1.050      0.280      0.060 olson1983
  6  12   5  11      1.050     29.300      2.700 olson1983
  6  12   5  10      1.050     20.200      2.500 olson1983
  6  12   5   8      1.050      0.600      0.090 olson1983
  6  12   4  10      1.050      3.410      0.540 olson1983
  6  12   4   9      1.050      5.130      0.540 olson1983
  6  12   4   7      1.050      8.450      0.810 olson1983
  6  12   3   9      1.050      0.400      0.090 olson1983
  6  12   3   8      1.050      0.770      0.140 olson1983
  6  12   3   7      1.050     10.400      0.800 olson1983
  6  12   3   6      1.050     11.500      2.200 olson1983
  6  12   2   6      1.050      0.940      0.190 olson1983
  6  12   2   4      1.050    185.000     19.000 olson1983
  6  12   2   3      1.050     46.400      5.100 olson1983
  6  12   1   2      1.050    125.000     16.000 olson1983
  6  12   1   1      1.050      7.000      1.500 olson1983
  6  12   5  10      0.600     25.000      4.500 fontes1977
  6  12   5  10     25.000     20.000      3.200 fontes1977
  6  12   4   7      0.600     11.000      1.100 fontes1977
  6  12   4   7     25.000      9.100      0.400 fontes1977
  6  12   5  11      0.600     75.000     15.000 fontes1977
  6  12   5  11     25.000     59.000     12.000 fontes1977
  8  16   5  10      0.600     10.900      0.600 zeitlin2011
  8  16   5  10      1.000     12.100      0.700 zeitlin2011
  7  15   5  11      400.0      32.50       3.25 webber1996
  7  15   5  10      400.0      13.60       1.36 webber1996
  7  15   4   9      400.0       7.50       1.50 webber1996
  7  15   3   7      400.0      18.60       1.86 webber1996
  7  15   3   6      400.0      10.50       1.05 webber1996
  5  11   5  10      400.0      40.70      12.21 webber1996
  5  11   4   9      400.0      14.60       4.38 webber1996
  5  11   3   7      400.0      27.70       2.77 webber1996
  5  11   3   6      400.0       6.30       1.26 webber1996
  3   7   3   6      400.0      35.50       3.55 webber1996



